0.40738698194704187
0.42337621602429665
0.40445628240444254
0.4117889117113731
0.4385724846227216
0.5002714727268736
0.4647845145323712
0.4894377505187337
0.4785295374937631
0.4153495442426981
0.4311352231817192
0.3618876420752645
0.3407346746875144
0.3636502241553104
0.3544327754506203
0.34681002150679324
0.32704950426874846
0.3589327900367988
0.38295827102523944
0.39039192423719254
0.3791612312709455
0.34025632741456513
0.32194337775392234
0.3448072728403253
0.3671138584393969
0.39395088768369274
0.36170717159620636
0.35695902932100954
0.35496894916005883
0.31725412457056323
0.3464752555946398
0.2994593355887288
0.2777389922400151
0.3178872261247073
0.2740004201062939
0.19180180424846224
0.23667618759446374
0.3159098414245183
0.25968858749777307
0.26644517193316797
0.18037252277296434
0.1939769081777456
0.12004474428893747
0.02455418395190992
0.1100324592668877
0.15286127090818538
0.11815140685739335
0.11541313692188122
0.0668788197922693
0.0290907833886267
0.11398612750999977
0.17594947761239063
0.16320962033687605
0.19046178967106117
0.15215454377363852
0.0736665993997832
0.019314107995092526
0.028424445330464003
0.08658438430514966
0.07749729847165675
0.07957310770482616
0.060139929290041805
-0.09566288309074804
-0.0766550808456679
0.021927279321682407
0.0025735947381381494
-0.08789733076811186
-0.09161027459574476
-0.11573562968543478
-0.1262395196681999
-0.13662630383811988
-0.11078813331782353
-0.04627064418246915
0.03817618035394255
0.04351125968138295
0.025684198423557847
0.03056144401976576
0.055594609796818545
0.034054692733357456
-0.02998395365657499
-0.039442705072615866
-0.10661081017032548
-0.07518092341301905
-0.0586889153603602
-0.021608234224141747
0.03095053320173287
-0.05844969717902502
-0.09417902975097503
-0.055693156175189634
0.004173607831737676
-0.027140744445148374
-0.1117260336274022
-0.11221088573946417
-0.10658814906535954
-0.04265325465506628
0.06602715196620931
0.03083541421588297
0.14158665881790602
0.0838608454778489
0.027288975882777042
0.0013808500696181989
-0.044488532409530664
-0.06317559371070312
-0.1449310856307343
-0.09580905451360108
-0.11140463183665951
-0.02528655230754874
-0.009532926698667512
-0.06642514735201585
-0.08170896250283263
-0.09196966948504605
-0.10505231440824978
-0.13433951193980248
-0.1006882443652693
-0.07397256444072399
-0.09731144057938512
-0.07849472336274282
-0.0001557263851231368
-0.012204339875381661
-0.18240967884229817
-0.1527505575936616
-0.1746614228097297
-0.26986464826067186
-0.2676878433448464
-0.20497991564427354
-0.17118359612870762
-0.17881585787048268
-0.34562533287978114
-0.4454680281016373
-0.4263008340199649
-0.4845134046243241
-0.3851225332928321
-0.40068454055262426
-0.37866320908918893
-0.40655344810249144
-0.3567855970636458
-0.30414018732268244
-0.24012979179940777
-0.3407039086810345
-0.33119322082813185
-0.3878842696030098
-0.3521976038294504
-0.3123058920171015
-0.2745991621147824
-0.24123532505454562
-0.2384182916302491
-0.23454344506635827
-0.19946895328195735
-0.2594625913956245
-0.3094162195928796
-0.24941310612076556
-0.2949089748389639
-0.22879437300553165
-0.13301063252628045
-0.02091834178383947
0.05661918818076134
0.08059411238632938
0.02083616525826279
-0.014445209424231073
-0.05392230302332198
-0.08014609628442493
-0.09520488462553318
-0.13370290328033732
-0.05231903420460109
0.055185463731073005
0.021266546079107322
-0.05643101284959694
-0.058951353995552014
0.0327490369740745
-0.008695752644729604
0.017367163306566017
0.14501058665277572
0.11536036374729913
0.15827422535083205
0.13623998635927187
0.10747877099524182
0.07611221365783599
0.137865478463362
0.1970689435260621
0.27483696891437787
0.2795308590006714
0.28651478793756363
0.20163759585324026
0.12807469981867495
0.14289033808490997
0.12015247440317721
0.031051898307330794
0.1558035563504551
0.09761984458558637
0.16945759252121784
0.22008713262709734
0.18122462404603207
0.15356601673929676
0.1682676223503601
0.2559547957596892
0.23023961397911183
0.22754754663213003
0.3041764014328705
0.25449771337117044
0.26343351137720794
0.3038976006895069
0.2729503353606238
0.3138789584754356
0.19601288940693468
0.3186503498672227
0.264043311965106
0.18269615380786017
0.19353596873759582
0.23338774362677814
0.25014065634556043
0.3076755399502342
0.32371719418086337
0.23085824448190798
0.2354133512487393
0.2333531314897022
0.21377820252518417
0.26993033316753334
0.180953306132966
0.13869452589943948
0.16633476592033303
0.18026866594347044
0.1980326274587657
0.1658605150335674
0.0935492802756213
0.11518852938516448
0.15014911515803675
0.21532398276708636
0.17131383935780187
0.1464186258130397
0.17114593314102003
0.14228937698185384
0.11793224775330714
0.0643405293047376
0.12555556094856493
0.1245553061673908
0.17631804473322968
0.17073210777544837
0.20661872113219942
0.16388654007431516
0.1611239204995647
0.20581541950093454
0.19683416917795937
0.16901764307616327
0.16692675178352784
0.1632893498133357
0.08071152048054125
0.1512062062948675
0.13519062608620816
0.20367269675542504
0.18717667190856277
0.1639555472245271
0.15083197369553294
0.15131825257408643
0.11508728626333893
0.10891772183007932
0.17295052024794677
0.2163399990839387
0.2401582195464336
0.1386436234879805
0.21630590695685953
0.10778735525039784
0.1907922722722876
0.21251538290132718
0.2045028454914991
0.23652294189435463
0.2061348462628321
0.3359455013617068
0.35682810786192865
0.31481764222615427
0.32647730393668756
0.3464512348812579
0.35819289694382933
0.4493716282744254
0.4534333976966116
0.4804217231605786
0.4376847775436764
0.4308850876025261
0.44917836188932453
0.42212972298370083
0.42695873694712116
0.43678375561386157
0.4070311834801449
0.4022133519058596
0.4488691324063797
0.432535690138621
0.37964397869682487
0.44180624025966725
0.43455550130169746
0.5078686722143225
0.4629777290498511
0.514372686961177
0.5192142314489404
0.4124047884500176
0.4296607446729427
0.362146655208382
0.37248776541434586
0.3745321152519633
0.40088076485860097
0.36506238765120447
0.3300735504098815
