1.8382572739707407e-7
3.532665166571548e-7
5.03173602124404e-7
6.736161404264011e-7
8.36778921757535e-7
1.016461777273603e-6
1.2188645220489864e-6
1.3981300769019406e-6
1.4877424993159963e-6
1.6017718017259614e-6
1.8682844387432598e-6
1.967615217789652e-6
2.16022817707683e-6
2.2738337693734557e-6
2.589598804475889e-6
2.8555246097184553e-6
2.916566518733444e-6
2.929769624305226e-6
2.8927878027644956e-6
3.1987098526589253e-6
3.4861162943552257e-6
3.75432338278471e-6
3.918211943765669e-6
3.8841253495284005e-6
4.087928349276668e-6
4.136017256358649e-6
4.5054213964550475e-6
5.166527983891881e-6
5.652161979692391e-6
5.715097532622941e-6
6.056928200145019e-6
5.973190088388327e-6
6.569897526183963e-6
6.904470764405666e-6
7.310268543480034e-6
7.04343697789984e-6
6.7305508299113454e-6
6.820000336855134e-6
6.968950876432695e-6
7.11176093198775e-6
7.182243880881643e-6
6.933252945310026e-6
7.106149780073447e-6
7.114752310702793e-6
7.5789112435258006e-6
7.984677535012608e-6
7.659372878170412e-6
7.295098202697261e-6
7.66447426859318e-6
7.74178794535252e-6
7.399996974351589e-6
7.905873607857871e-6
8.428034649805758e-6
9.100863579617827e-6
9.569815276832246e-6
1.0367764854292656e-5
1.1650408362482249e-5
1.1954111566992958e-5
1.176156032438231e-5
1.0682918193508436e-5
1.0984348649503021e-5
1.1621542177561149e-5
1.102898269589577e-5
1.1796588280474022e-5
1.1519079110040297e-5
1.264020067854514e-5
1.252083908632359e-5
1.2535398747368865e-5
1.2833256933106964e-5
1.2703835163419489e-5
1.3346453443850197e-5
1.3424413999203499e-5
1.3380855729852186e-5
1.2776195299131565e-5
1.2286233269471451e-5
1.2475315508978446e-5
1.239322239879825e-5
1.230072888367268e-5
1.2959148928571833e-5
1.253270719314913e-5
1.2355015815094434e-5
1.2664329297680128e-5
1.1934938281264987e-5
1.2745949439420102e-5
1.2667302599335233e-5
1.2427859099319756e-5
1.2392022673247732e-5
1.242076803086943e-5
1.2670577484933507e-5
1.3230722868400462e-5
1.3745104639000286e-5
1.3818668965083205e-5
1.529862599304785e-5
1.6680206799671527e-5
1.783320284364428e-5
1.8103023850184e-5
1.7901198246870553e-5
1.7364153362731502e-5
1.7389666624999897e-5
1.738671229793509e-5
1.6889436169056677e-5
1.8017759925021165e-5
1.8321984351954364e-5
1.7534474147684397e-5
1.727180437371525e-5
1.6388167083120044e-5
1.6087344759958836e-5
1.6010260756193118e-5
1.6646798799772096e-5
1.625991920621646e-5
1.642918184424654e-5
1.5863053200220942e-5
1.5735475528019628e-5
1.6167605192476712e-5
1.6861927290420827e-5
1.6003660973895292e-5
1.5610193610428665e-5
1.5307256925975427e-5
1.523801742007765e-5
1.6658506150127133e-5
1.74996331507464e-5
1.779771637698569e-5
1.7582608434970004e-5
1.6540454581497493e-5
1.637678330337809e-5
1.6413188409717305e-5
1.5093147039349125e-5
1.6092377019269036e-5
1.632607159106065e-5
1.505329229898349e-5
1.5146668368102038e-5
1.5542298784688368e-5
1.4931886500534686e-5
1.4815680837301101e-5
1.5580825993519066e-5
1.6819462277023254e-5
1.6071673075846678e-5
1.618518646324875e-5
1.6503078419459746e-5
1.592891373608614e-5
1.6208154462549394e-5
1.6552549586984835e-5
1.7541154264396084e-5
1.6167207756822162e-5
1.5321932023055814e-5
1.5738678717442397e-5
1.703149055231948e-5
1.7336544509035017e-5
1.8135339108067918e-5
1.7467098791057143e-5
1.745729901977406e-5
1.658839670458337e-5
1.740692266155112e-5
1.8900446534756506e-5
1.8255556895844845e-5
1.8294620817314773e-5
1.7660076047597344e-5
1.9473570735524303e-5
1.9962191523141008e-5
2.053164741442686e-5
1.9200536989040056e-5
2.0246765559329728e-5
2.0578588083025407e-5
2.179367573506683e-5
2.258519475861137e-5
2.2888877727672843e-5
2.2500202754189894e-5
2.4212331614841775e-5
2.3947753391814313e-5
2.2675364354060715e-5
2.4828003474435996e-5
2.4310661571717625e-5
2.4633555274298583e-5
2.433590889955898e-5
2.4201589863324544e-5
2.534760391285758e-5
2.408593070787459e-5
2.3736872367436692e-5
2.3096988577120667e-5
2.224883298168342e-5
2.0982458876648187e-5
1.9854182368486977e-5
1.928995760532759e-5
1.858256871394372e-5
1.8987119514130485e-5
1.8518276129142885e-5
1.7773653449133895e-5
1.7781163095849683e-5
1.9069352533342687e-5
2.019390966163206e-5
2.230671836414264e-5
2.4494859578573593e-5
2.5564715694790285e-5
2.7084991882292094e-5
2.7890225091666113e-5
2.8513550570134246e-5
2.797358682188088e-5
2.7571552339843585e-5
2.698379195567761e-5
2.6306126548793548e-5
2.913742206669675e-5
2.770968692086431e-5
2.8453533241563247e-5
2.822594836575164e-5
3.0764492346531294e-5
3.147410071421454e-5
3.214706597676111e-5
3.1682934760775965e-5
3.197610696880013e-5
3.0985570352175464e-5
3.220819588620424e-5
3.284898180533343e-5
3.323077007155794e-5
3.407883559245905e-5
3.2857680385716775e-5
3.2058737159900664e-5
2.9827149892920258e-5
3.108654669388037e-5
3.2820422862823466e-5
3.377819218118832e-5
3.4987854810758055e-5
3.4205729897203504e-5
3.4131740632583104e-5
3.428997833138146e-5
3.375233969184929e-5
3.312660604882282e-5
3.42231963434461e-5
3.730223870076395e-5
3.622091761086114e-5
3.532973920626035e-5
3.712577295869026e-5
3.942022967227593e-5
4.107205830604345e-5
3.703516636868152e-5
3.701181851137813e-5
3.674053627432755e-5
3.676928829278877e-5
3.7891789369927205e-5
3.926543526857116e-5
3.951653201513308e-5
4.041045325186178e-5
3.724967979815611e-5
3.6341754956889474e-5
3.63424034435912e-5
3.4965374025357454e-5
3.365256380819626e-5
3.303343917010533e-5
3.1628515612714786e-5
3.0309077776637795e-5
3.0051898863636223e-5
2.9114487150769596e-5
2.9064901410842766e-5
3.05491707957815e-5
2.9432461246584782e-5
2.959274779382508e-5
3.083618449319297e-5
3.178346861056998e-5
3.173433714882822e-5
3.209208482967445e-5
3.127296987918841e-5
3.487051879677309e-5
3.3023463954605276e-5
3.2285190032405685e-5
3.0160119730021425e-5
2.966202977504153e-5
2.7930851571691525e-5
2.7662162945209474e-5
2.462496320071768e-5
2.5697749466817096e-5
2.753137728803876e-5
2.7167660121365562e-5
2.809776040407678e-5
2.7462684750369195e-5
2.754146282675658e-5
2.6000239119057327e-5
2.57726631622523e-5
2.6137214923750537e-5
2.662009005822947e-5
2.5861620444971223e-5
2.6211136646107834e-5
2.5945347214928456e-5
2.5855968312188823e-5
2.6493290785149322e-5
2.8736731624804767e-5
2.8280284080372067e-5
2.8440170377254387e-5
2.976696243920827e-5
3.149856381210518e-5
2.986608174921407e-5
2.829277761918666e-5
2.8787203219650394e-5
2.82777092661801e-5
2.743440444094233e-5
2.631412476688229e-5
2.6892805568168913e-5
2.68012364875885e-5
2.6751098573976843e-5
2.6443361697108907e-5
2.7400842974820063e-5
2.7753414104919514e-5
