0.0003097324996386152
0.0003158223987237372
0.0003127752791756694
0.00030617081269141837
0.00031213841492062997
0.0003104683682068501
0.0003122077855412154
0.0003109222631193776
0.00031635442530356935
0.00031160929045940264
0.0003044352989336982
0.00030133218232391385
0.00030368821233391356
0.00029910589522378576
0.00029712501883092453
0.00029038585900890914
0.0002792695329575247
0.00028171813604134835
0.0002838069843090834
0.0002814185925859355
0.0002822886122452389
0.0002763876157492642
0.0002865963948486799
0.0002927408661681924
0.00028377662341350876
0.0002778698165543982
0.00027633130682909305
0.0002769461986871091
0.00027350568753783353
0.000269644617731197
0.0002762988055938323
0.0002747863335671553
0.0002678457105759619
0.0002626080669746089
0.00026667850669879345
0.00026420140036997
0.00025827994570736635
0.0002555019966829935
0.00025652319867426116
0.00025147748809917523
0.0002557224722338819
0.000256966289905647
0.0002588094209965284
0.0002607629113781013
0.0002603855851976297
0.0002530495002703176
0.0002501503786938217
0.0002462658887047222
0.0002469216780582
0.00024331848435275226
0.00024142960310123845
0.00024454764939401037
0.0002431416314128121
0.00024033623186118532
0.00024324512903391615
0.0002469472541782556
0.00024405951460281075
0.00024202605191988
0.0002445651481084155
0.0002427602682852006
0.0002440244304227507
0.0002390593001202583
0.00023096011620318366
0.00023439207578825928
0.00023412247642840705
0.0002272360909741266
0.00022735966560412678
0.00022796558596543877
0.00022462979719981366
0.00022152086711096664
0.00021858023926714075
0.00021779221233943772
0.00021493983280015152
0.0002162200598665457
0.00021528115976685505
0.0002169952209499435
0.00021682430127392978
0.0002203036071861878
0.00021752034815407652
0.00021595510067006193
0.00021089048491385596
0.00020275409745217643
0.00019915484857782853
0.00020049938543198665
0.0002057456579685723
0.0002087616622808999
0.000205761727997363
0.00021159732258081165
0.000210451753562943
0.0002129409264384405
0.00021203919372429105
0.0002132516757149843
0.00021530178432013392
0.00021425561259807521
0.00021748623477500117
0.00021536924413909358
0.0002170731319170814
0.0002176165302638968
0.00021434465761508318
0.0002065629764961474
0.0002007552417770197
0.00020033732237796853
0.00020290191332771024
0.00020701960398980445
0.0002117988705563515
0.00021221435581208803
0.00021709029789896108
0.00021939348593873263
0.00022116575855929437
0.00022293980406850708
0.0002230618367540609
0.00021781542865855982
0.00021471409561819998
0.0002157469063524708
0.00021294785866304795
0.00021637732163958903
0.0002158303339547926
0.00021458812640667878
0.00021490907898443748
0.00021581507290552114
0.0002188839912088731
0.0002182856046900884
0.0002188785152312021
0.00022147297571055124
0.00021851651751348823
0.00021801279128153312
0.0002139544215275968
0.00021140965839580534
0.00021145164402365478
0.00021349481634037835
0.00021960068114691873
0.0002091647629689636
0.00020918908474372517
0.00020934416113342435
0.00021247227373712122
0.00020571133303949108
0.000208509728301477
0.00021069849242180512
0.00021676110724379007
0.0002214339368557531
0.00022113551766430285
0.00021952116456216698
0.00022552389642101198
0.0002213532979248471
0.00022069215037189
0.00022129720469059433
0.00022561419703261113
0.000224454406599843
0.00022811964503112952
0.00022983008981911096
0.00023404197219925685
0.0002313938305556011
0.00022196074335435186
0.00021573584391903063
0.0002203920470050932
0.0002160961042012828
0.00021941631244348298
0.00022506742871273024
0.00022295277548517594
0.000227541996271039
0.00022158635250418856
0.00022969489926947615
0.0002289633846443142
0.00023420511507512242
0.0002342595150400304
0.0002289206347884911
0.0002331506341135116
0.00022414007883723462
0.00022509390877359145
0.00022308497373202627
0.00022102215675207012
0.00022440287792856544
0.00021852307497155713
0.00021827917885771885
0.00021923677352727968
0.000216162864316578
0.00021423032357150275
0.00021569067470762177
0.00020856929909386838
0.00021566522899912254
0.00022640014605781352
0.0002254143526694762
0.00023168927250797851
0.000230931687646821
0.0002240437007778152
0.00022398076653276172
0.00022824878436319637
0.0002288319454295629
0.00022643581263786616
0.0002238591433221375
0.00021492301130113475
0.00021706472894674272
0.0002214203913262739
0.00022514388448159243
0.00022132876235355972
0.00022237239428541926
0.0002232624424004106
0.00022408635120563445
0.00021677110731736633
0.00021241424705099543
0.0002152475987642647
0.00021124555183840675
0.0002187437676250101
0.00022100013111734965
0.00022499168191385713
0.00023180841324724888
0.00023341727984481454
0.00022097238158985682
0.00022003313837362694
0.0002208101444191903
0.00022173340683258487
0.0002249028493010364
0.0002281811659404565
0.0002244283491460839
0.0002220639663713889
0.0002240154288761399
0.00022465115541021915
0.00022642743551095487
0.00022538321425488673
0.00023403163805190097
0.00023198363568231324
0.0002368799072141243
0.0002387569479703085
0.00024361466447669067
0.0002473902713813907
0.00025188494066064206
0.00025421768215554326
0.0002565660045659454
0.00026033261319599
0.0002570592022221922
0.0002574759243858582
0.0002574955516884497
0.00025370262835301796
0.0002640257147067165
0.00025910804757278493
0.0002607801565543349
0.00025799301232371684
0.00025733681710443646
0.0002617446330214319
0.00025661065887337036
0.00025692077187807605
0.0002499220524778054
0.00025437306890461336
0.0002486785289159937
0.00025537885127595257
0.00025078230678580164
0.0002474133048393581
0.00024478558247275554
0.00025097072373720427
0.0002551830721910745
0.00025656229688211796
0.0002586057771074615
0.00025007279685661373
0.0002482044049109264
0.00024666949933097173
0.00024496036173162324
0.00024243730619966694
0.00023457417550212486
0.00023242370951707264
0.0002356820791498747
0.00024006836416971553
0.00024338841813257203
0.00024645146919289354
0.00024424792079506856
0.00024553204655519033
0.00024943374423857644
0.00024576668861193496
0.00025109951929812107
0.0002482316221084924
0.0002423255118735005
0.0002488991609572904
0.000251967807214487
0.00025585778330054374
0.0002526076479562834
0.00024906702752979697
0.0002552114480199894
0.0002551765313491963
0.0002533090418992866
0.00025354910477580895
0.00024963436908961753
0.00024460902750987135
0.00024349269873292836
0.00024375275086998839
0.00023877270758769067
0.0002399001526923329
0.00024848130879327285
0.0002475999983972094
0.0002433416351772096
0.0002471934436169401
0.00024136794346450474
0.00024436635103274105
0.00024065521188696763
0.00023780113445924115
0.0002367850936901995
0.00024226316394173052
0.00023849074121095863
0.00024234004767650067
0.0002461747760325506
0.00024699433904509305
0.0002442576866929142
