0.01488529855331414
0.015660444596400862
0.018977535887474205
0.01923195217721765
0.021704322855483967
0.017715441387000732
0.015927169495339146
0.013641294923887203
0.010996379304355727
0.010886250499526497
0.009676091938178259
0.013782465128426787
0.012995397077136527
0.007747929026823831
0.009991944815784621
0.013436011847666613
0.02508403053234109
0.02748042254341414
0.017077298003692294
0.015508309570638174
0.017831123475564835
0.018077564858979198
0.011494890435399594
0.01968627308212203
0.013366854829469284
0.019151496849944313
0.02182042717312096
0.025055428522118738
0.02083776353791096
0.031416646541228596
0.017445317097387645
0.028640117919654155
0.037358772418353434
0.03202704546930892
0.023024526323439622
0.038042102509180796
0.056321682557618005
0.036479945783809184
0.022443003058391565
0.029395476468810137
0.031218870153816358
0.02987342975927017
0.02307592345529743
0.02189716219876818
0.024939298651430283
0.021100425500663583
0.01836856382513912
0.02123530718506924
0.028323379448003283
0.037320936451452374
0.027336469245683104
0.030882924300813106
0.013779368658954919
0.01340891910452092
0.05677582056980517
0.03605105564273189
0.03566537341438975
0.056505193874912894
0.04354102356720589
0.05444451934485594
0.03314034790109758
0.02721105835148329
0.027102512202237895
0.03626193590558236
0.01990081977945898
0.03565312354809926
0.04853477166297123
0.03693512697041366
0.019730128076831627
0.021732766604121965
0.033187432650195005
0.04268437933408885
0.02932930172230867
0.017472340120517613
0.03801287324260668
0.02642551261277387
0.0240238677550973
0.029504936685350834
0.015279795990250714
0.016828721961162772
0.015875985909968263
0.024064252826158462
0.030687212366455868
0.022599323142540987
0.018602430567919635
0.03649034256142277
0.029206153295052932
0.018254433206324545
0.032396029367761994
0.07888998842649543
0.032547052418060635
0.04156811579502669
0.04663078123824606
0.03053188836260586
0.0304944626200407
0.027797406010643386
0.037610460852807406
0.02785165733307614
0.029981835065051345
0.04417711712034129
0.03553042514543224
0.01946854024215028
0.028696400453447273
0.0192395019426765
0.04861946214015348
0.03693187428424502
0.052566647055115885
0.03713546535833857
0.01416088481409254
0.017378325815246943
0.02055409057958224
0.011735587647224882
0.01216433198714501
0.02087055228468347
0.022970596390791714
0.014453520928852612
0.01865441756044353
0.017343801342639836
0.03249103621746712
0.06413374513279481
0.023082094770374692
0.04716029742983139
0.05743325922989816
0.024877581199136516
0.03229653658700958
0.025271515777900877
0.039028340647963566
0.03471999869390266
0.025390434958898245
0.02887478969875674
0.03125366402286585
0.04485777194021204
0.0341135344797878
0.01903927816670734
0.019064682733989115
0.02665665874822804
0.050588023371752944
0.040123924394765025
0.0286809901526254
0.03411973830974898
0.021987785901284324
0.048388197461487335
0.045062384467957926
0.021738227648951752
0.023956322078667137
0.01774581806708266
0.017512607662149036
0.029735964263990805
0.029465382910369577
0.019624007518538544
0.026818052918776716
0.022835153568145417
0.03596945741217628
0.02823161465108482
0.03536037034458592
0.04875529106297963
0.027829114336881948
0.024451827170821505
0.01901924494103059
0.015397269149162503
0.01846049593900248
0.017099776467607648
0.02221510569864297
0.025846828935780213
0.022389728043267068
0.016410035579968445
0.0209344175920696
0.030455859239130686
0.029269701325380332
0.03966455924814431
0.055504162413923315
0.053983615291931915
0.02933355483947394
0.027548839179459737
0.01516205621241549
0.025158104089822345
0.022534889783422895
0.02076338501159099
0.02036864848635553
0.017532251907277873
0.018095340695691617
0.022598885465740744
0.02232434303951018
0.03560470646820712
0.05087411357216986
0.02747467801262983
0.01986992187813032
0.02963541018603244
0.0358510578979916
0.022863558097098308
0.024232610065278503
0.026248928650782502
0.016099814315045684
0.03385644867480732
0.02923850952616804
0.028109559027816453
0.018880173000170714
0.018820390662393487
0.025646842482123365
0.010882219462501345
0.021292053860190053
0.04711803906490717
0.03211324024094553
0.05269356538591439
0.044536054362553264
0.02424575683468928
0.02295753620359415
0.01250668465962481
0.012018152535507769
0.01738747087194054
0.021077599717882877
0.014908073767954725
0.01282695191059317
0.016431039517784986
0.020631584922387647
0.029654128236345594
0.04012934731181523
0.023021152986977753
0.03009609791120536
0.022541597872346324
0.016693672492642905
0.017162960352453106
0.03071191421929634
0.02220397965879774
0.01487419411431557
0.021365227459341656
0.024881074513672927
0.030200627234649842
0.02384144473312682
0.03117612145502021
0.03548904849365987
0.029203721582902558
0.03217808668890556
0.025278141045912562
0.026412952489850487
0.027273028328842507
0.03436635170144197
0.01563060858248869
0.029598414755349665
0.013621436838150494
0.012377307657837925
0.04293196854606331
0.03481171658669368
0.026016169947174293
0.03201605122944489
0.019870126386344045
0.035044358769767366
0.02343644087486486
0.038933324823164854
0.026471846637923742
0.030770136753821172
0.038356084085060194
0.02676401739586804
0.028610598617580692
0.021674110810434778
0.025550045794187806
0.031016555329696268
0.026815223069152006
0.055733616269097466
0.04384639712298174
0.045587847557256915
0.031066202195336498
0.034930765743278046
0.036926959761388295
0.02612135084236109
0.023636934207752126
0.02888018513077091
0.04301402159755298
0.045253072840240376
0.047442776723876375
0.03823427262721567
0.019588374963948246
0.020329711717529172
0.016601375216428578
0.01399125301881071
0.0184438537138283
0.018306807342816006
0.019161462346857575
0.023919045222236077
0.040152887807418165
0.036785053822064234
0.020278296502856313
0.014536377295412184
0.020058886017125528
0.028747770899183137
0.024855726342801775
0.02720353239883376
0.023608815709587717
0.04270634825389458
0.04100865124226721
0.03809582720798327
0.024363371479300226
0.04521689932263718
0.0432535297082638
0.022371220797244167
0.014461360748918073
0.050402323263487606
0.020131355002889626
0.023259335440564622
0.007673883179376041
